+-------------------+--------------------+--------------------+-------------------+--------------------+---------------------+--------------------+--------------------+---------------------+--------------------+---------------------+---------------------+---------------------+--------------------+
|        cbo        |    cbo_modified    |       fan_in       |      fan_out      |        dit         |         noc         |        loc         |        rfc         |         tcc         |        nosi        |         lcom        |        lcom*        |         lcc         |        wmc         |
+-------------------+--------------------+--------------------+-------------------+--------------------+---------------------+--------------------+--------------------+---------------------+--------------------+---------------------+---------------------+---------------------+--------------------+
| 4.205882352941177 |        7.25        | 3.0441176470588234 | 4.205882352941177 | 1.6764705882352942 | 0.33088235294117646 |  46.5514705882353  | 7.470588235294118  | 0.30285702060747666 | 1.5441176470588236 |  0.3553364528888889 |  0.3553364528888889 |  0.3544999175700934 |        12.0        |
| 4.556701030927835 | 7.793814432989691  | 3.2371134020618557 | 4.556701030927835 | 1.7525773195876289 | 0.39690721649484534 | 45.38659793814433  | 7.365979381443299  | 0.29720429814765104 | 2.0257731958762886 |  0.3148506305154639 |  0.3148506305154639 |  0.3532863919865772 | 11.809278350515465 |
| 5.341463414634147 | 8.516629711751664  | 3.1751662971175167 | 5.341463414634147 | 1.7006651884700665 | 0.29490022172949004 | 47.168514412416854 | 9.019955654101995  |  0.348952941380531  | 2.2660753880266076 | 0.29993240378222225 | 0.29993240378222225 |  0.4145260712861357 | 10.946784922394679 |
| 5.380234505862647 |  8.16750418760469  | 2.7872696817420435 | 5.380234505862647 | 1.6716917922948074 |  0.2562814070351759 |  50.1608040201005  | 9.844221105527637  | 0.33340823085593224 | 2.170854271356784  |  0.3191497412785235 |  0.3191497412785235 | 0.39397759052330505 | 11.140703517587939 |
| 5.130753138075314 | 7.442468619246862  | 2.311715481171548  | 5.130753138075314 | 1.6077405857740585 | 0.22489539748953974 | 50.19979079497908  | 10.05439330543933  | 0.30257414178791947 | 2.3922594142259412 |  0.3319530519242105 |  0.3319530519242105 |  0.3565401375100671 | 10.236401673640167 |
| 5.003058103975535 | 7.0129969418960245 | 2.0099388379204894 | 5.003058103975535 | 1.5535168195718654 |  0.1926605504587156 | 45.99617737003058  |  9.62308868501529  |  0.2809749115415911 | 2.2507645259938838 |  0.3441488216808676 |  0.3441488216808676 | 0.32696480008539774 | 9.188073394495413  |
|  4.92458432304038 | 6.859857482185273  | 1.935273159144893  |  4.92458432304038 | 1.502375296912114  | 0.17695961995249407 | 45.98456057007126  | 9.559976247030878  |  0.2813825131457189 | 2.2072446555819476 |  0.3354706794777911 |  0.3354706794777911 |  0.3282475969502423 | 9.233372921615201  |
| 5.064976958525346 | 6.911059907834101  | 1.8460829493087558 | 5.064976958525346 | 1.4926267281105992 | 0.16774193548387098 | 48.305069124423966 | 9.667741935483871  | 0.26977624426796976 | 2.2732718894009216 |  0.324575549965469  |  0.324575549965469  | 0.32161667194073146 | 9.658064516129032  |
| 4.661388988844908 | 6.231378193594819  |  1.56998920474991  | 4.661388988844908 | 1.4350485786254048 | 0.13206189276718244 | 45.38431090320259  | 8.561353004677942  | 0.06746692809677261 | 2.187837351565311  | 0.31038301602715657 | 0.31038301602715657 | 0.11210826644249389 | 8.596617488305146  |
| 5.048429814604616 | 6.827090427544457  | 1.774498675747257  |  5.0525917517972  | 1.4702989027620128 |  0.1441543700340522 | 47.74952705259175  | 9.446840711312902  |  0.2164532637992557 | 2.2890654559213015 |  0.3116909703037975 |  0.3116909703037975 | 0.26856753219213186 | 9.222096102913357  |
| 5.169408470423521 |  6.95834791739587  | 1.776688834441722  | 5.181659082954147 | 1.4973748687434372 |  0.143857192859643  | 47.87259362968148  | 9.561778088904445  | 0.22689620028412852 | 2.183759187959398  | 0.31276356151242013 | 0.31276356151242013 | 0.27619494407039924 | 9.354217710885544  |
|  5.35056103366202 | 7.210132607956478  | 1.8476708602516152 | 5.362461747704862 | 1.4974498469908195 |  0.1431485889153349 | 49.68888133287997  | 10.081604896293777 | 0.21118978350254544 | 2.5253315198911936 |  0.3205477710937931 |  0.3205477710937931 | 0.25846415017890906 | 9.687521251275076  |
| 5.358589157413455 | 7.191378184193337  | 1.8200522534291312 | 5.371325930764207 | 1.5022860875244939 |  0.1456564337034618 | 49.341933376877854 | 10.128674069235794 | 0.20820597733959148 |  2.57838014369693  | 0.32013220301191264 | 0.32013220301191264 | 0.25398349693846156 | 9.625081645983018  |
+-------------------+--------------------+--------------------+-------------------+--------------------+---------------------+--------------------+--------------------+---------------------+--------------------+---------------------+---------------------+---------------------+--------------------+